tensor([[-1.2564e-02,  7.8311e-02, -7.1727e-01,  2.6094e-02,  8.1962e-03,
         -1.6006e-01, -2.6055e-01,  1.1320e-01, -6.4369e-02, -1.6462e-02,
          8.8168e-02, -6.4616e-02,  7.2486e-02, -2.9068e-01,  1.3877e-01,
         -2.0707e-02, -1.0372e-01, -8.1595e-01, -5.3126e-01, -5.1955e-01,
         -3.4133e-02, -7.6978e-02, -2.0087e-01, -1.6984e-01, -8.6890e-02,
          4.2610e-02,  1.0216e-01,  1.7347e-01, -1.1439e-01],
        [ 2.6656e-01,  1.0425e-01, -2.0581e-01, -1.1883e-01, -4.2395e-02,
         -3.1672e-02, -4.9668e-02,  1.7681e-02, -1.5387e-01, -3.8006e-02,
          3.6478e-02, -1.4962e-01, -3.7171e-03,  2.1583e-02,  1.6203e-01,
         -8.5111e-01,  1.1121e-01, -3.2668e-01, -3.7642e-01, -2.8988e-01,
         -3.9347e-01, -3.3112e-01, -1.6727e-02, -3.6508e-01,  2.5152e-02,
         -9.5622e-02,  3.0127e-01, -2.0430e-01, -5.2692e-02],
        [ 5.5264e-02,  2.5673e-02, -4.9779e-01,  4.1820e-02,  4.2237e-02,
         -8.7549e-02, -2.3518e-01,  7.6261e-02, -5.3899e-02, -2.8929e-02,
          4.9303e-02, -5.5293e-02,  8.8562e-02, -2.1712e-01,  1.2773e-01,
         -3.1458e-03, -5.6224e-02, -7.8372e-01, -4.9201e-01, -5.3634e-01,
         -8.4566e-02, -9.0234e-02, -1.9220e-01, -2.4362e-01, -8.4069e-02,
         -2.6190e-02,  1.0650e-01,  1.1552e-01, -6.7386e-02],
        [ 2.5382e-01, -2.8008e-04, -8.4470e-02, -1.7762e-01,  4.4442e-03,
          1.0455e-01, -7.0721e-02,  3.5349e-02, -1.2154e-01, -6.7505e-02,
         -4.6706e-02, -2.0068e-01,  6.6022e-02, -4.7685e-02,  8.3667e-02,
         -2.1304e-01,  2.8472e-02, -3.1000e-01, -3.5429e-01, -5.8893e-01,
         -3.9125e-01, -2.9092e-01, -1.8723e-01, -8.4907e-01, -9.7935e-02,
         -2.9291e-03,  2.4999e-01, -1.2886e-01, -2.8763e-04],
        [ 2.0938e-01,  1.0489e-01, -1.8862e-01, -1.0956e-01, -5.1830e-02,
          1.7617e-02, -1.7867e-01, -3.3882e-02, -8.4121e-02,  4.7932e-02,
          5.5962e-02, -9.7181e-02,  9.8070e-03,  3.4068e-02,  3.0303e-02,
         -3.8230e-01,  1.0797e-01, -4.0812e-01, -8.1514e-01, -5.6811e-01,
         -3.3757e-01, -2.3144e-01, -9.1807e-02, -3.4811e-01,  1.7814e-02,
         -5.4808e-02,  3.1062e-01, -1.5525e-01,  1.1859e-02],
        [ 2.7823e-01, -9.0480e-02,  4.8142e-01, -1.6289e-01,  1.7675e-03,
          1.7997e-01, -2.8850e-02, -1.4461e-02, -1.5518e-01, -8.1683e-02,
         -1.1837e-01, -1.6125e-01,  6.7381e-02,  1.5109e-02,  9.8202e-02,
         -1.9313e-01,  1.1453e-01, -3.0614e-01, -3.3801e-01, -5.4864e-01,
         -3.3796e-01, -2.6752e-01, -2.0178e-01, -7.9999e-01, -1.3768e-01,
         -4.6092e-02,  2.3291e-01, -1.9735e-01,  3.8766e-02],
        [ 1.8025e-01,  1.7802e-01, -7.4679e-01, -1.3450e-01, -2.4878e-02,
         -6.3266e-02, -9.2593e-02,  1.0268e-02, -7.5644e-02, -3.4251e-02,
          1.2078e-01, -1.6687e-01,  1.9780e-02, -6.4950e-02,  1.4147e-01,
         -7.7736e-01,  1.4435e-04, -3.2693e-01, -4.3182e-01, -3.4585e-01,
         -3.8292e-01, -2.9667e-01, -4.6637e-03, -3.1793e-01,  3.4336e-02,
         -3.4986e-02,  2.9363e-01, -9.6050e-02, -1.3042e-01],
        [ 2.5074e-01,  5.0609e-02, -1.3863e-02, -9.8323e-02, -4.9464e-02,
         -1.2136e-02, -3.3176e-02, -3.8409e-02, -1.3621e-01, -5.9226e-02,
          9.7772e-03, -1.3708e-01, -1.6567e-03,  3.3396e-02,  1.1170e-01,
         -7.9983e-01,  1.3306e-01, -3.3755e-01, -4.2618e-01, -2.9059e-01,
         -3.2611e-01, -2.9930e-01, -2.0063e-02, -3.1610e-01, -1.6845e-02,
         -9.8541e-02,  2.9786e-01, -2.1767e-01, -5.2164e-02],
        [ 1.8241e-01, -1.1058e-01,  5.4556e-01, -1.7200e-01, -2.0594e-03,
          1.2712e-01, -1.3843e-02, -5.0871e-02, -1.8027e-01, -1.4791e-02,
         -2.0843e-01,  2.4709e-02,  1.1133e-01, -1.0559e-01,  1.1017e-01,
         -1.4084e-01,  1.5416e-01, -2.5352e-01, -1.0905e-01, -1.8625e-01,
         -7.1933e-02, -2.2857e-01, -1.8847e-01, -2.1694e-01, -8.1734e-02,
         -9.6391e-02,  2.4633e-01, -1.1348e-01, -5.0257e-02],
        [ 2.4802e-01,  3.9186e-02, -2.3658e-01, -1.8652e-01,  6.5234e-03,
          9.5408e-02, -1.0294e-01,  4.0207e-02, -1.2079e-01, -9.2498e-02,
         -3.2113e-02, -2.1068e-01,  6.9793e-02, -7.3959e-02,  7.4115e-02,
         -2.5642e-01,  3.5682e-02, -3.3057e-01, -3.7195e-01, -6.4622e-01,
         -4.3173e-01, -3.2289e-01, -1.5150e-01, -8.3519e-01, -7.1169e-02,
         -5.2596e-03,  2.9764e-01, -1.2325e-01,  4.4474e-04],
        [ 9.9444e-02,  9.6789e-02, -8.1558e-01, -9.3936e-02,  1.2405e-02,
         -1.2493e-01, -1.9537e-01,  1.7177e-01, -1.0420e-02, -3.1575e-02,
          7.0550e-02, -2.5992e-02,  1.5383e-01, -1.9199e-01,  1.4108e-01,
         -1.7639e-01, -8.6743e-02, -6.4760e-01, -5.4948e-01, -8.0106e-01,
         -2.9006e-01, -2.2965e-01, -9.2952e-02, -3.2461e-01,  1.5179e-02,
          4.8849e-02,  2.5937e-01,  6.4917e-02, -1.0822e-01],
        [ 1.8998e-01,  1.9040e-01, -9.0590e-01, -8.2854e-03,  3.2638e-02,
         -1.3077e-01, -1.8612e-01, -4.6277e-02, -1.0801e-01, -2.8151e-02,
          5.7065e-02, -8.9643e-02,  8.5823e-02, -8.7175e-02,  4.7240e-02,
         -3.6602e-01, -8.2906e-02, -4.1859e-01, -4.8698e-01, -6.5871e-01,
         -7.9224e-01, -4.2447e-01,  1.0190e-02, -3.2123e-01,  4.3495e-02,
         -1.4361e-02,  2.7750e-01,  7.3495e-02, -1.3615e-01],
        [ 3.7463e-02,  2.2981e-01, -9.4750e-01, -7.8436e-02, -2.5437e-02,
         -8.3340e-02, -3.1731e-01,  1.0834e-02, -5.8812e-02,  6.0154e-02,
          2.3337e-01, -9.4025e-02,  6.2118e-02, -1.5231e-01,  5.5740e-03,
         -2.0297e-01, -5.0106e-02, -5.7346e-01, -8.7263e-01, -6.1480e-01,
         -2.4884e-01, -1.6276e-01, -1.1414e-01, -3.0985e-01,  2.7974e-02,
         -1.3656e-02,  2.9131e-01,  2.9756e-02, -9.8090e-02],
        [ 2.6042e-01,  1.0328e-01, -2.9954e-01, -3.8780e-02,  6.5489e-02,
         -3.7002e-02, -9.5279e-02, -6.6363e-02, -1.4747e-01, -3.8886e-02,
         -4.8071e-02, -7.5782e-02,  7.0843e-02, -1.0259e-02,  1.1290e-01,
         -3.8134e-01,  1.2222e-02, -3.5550e-01, -3.9737e-01, -6.1886e-01,
         -8.3996e-01, -4.4032e-01, -7.6503e-03, -3.7128e-01,  2.1781e-02,
         -7.5782e-02,  2.5009e-01, -2.2409e-02, -6.3669e-02],
        [ 1.8241e-01, -1.1058e-01,  5.4556e-01, -1.7200e-01, -2.0594e-03,
          1.2712e-01, -1.3843e-02, -5.0871e-02, -1.8027e-01, -1.4791e-02,
         -2.0843e-01,  2.4709e-02,  1.1133e-01, -1.0559e-01,  1.1017e-01,
         -1.4084e-01,  1.5416e-01, -2.5352e-01, -1.0905e-01, -1.8625e-01,
         -7.1933e-02, -2.2857e-01, -1.8847e-01, -2.1694e-01, -8.1734e-02,
         -9.6391e-02,  2.4633e-01, -1.1348e-01, -5.0257e-02],
        [ 1.9672e-01,  4.9512e-02, -6.2903e-01, -6.7128e-02,  7.6344e-02,
         -1.5612e-01, -2.0136e-01,  6.3773e-02, -6.7691e-02,  1.3728e-02,
         -6.3367e-02, -1.5122e-01,  2.1039e-02, -5.8878e-03,  1.4171e-05,
         -1.6341e-01, -1.9910e-02, -4.5434e-01, -2.4284e-01, -3.8632e-01,
         -3.9475e-01, -8.3938e-01, -7.0276e-02, -4.3344e-01, -6.7007e-03,
         -3.7798e-02,  2.5132e-01, -7.6149e-02, -2.3914e-02]])