Transition(state=array([[1., 0., 0., ..., 0., 0., 0.],
       [0., 1., 0., ..., 0., 0., 0.],
       [1., 0., 0., ..., 0., 0., 0.],
       ...,
       [0., 1., 0., ..., 0., 0., 0.],
       [0., 0., 0., ..., 0., 0., 0.],
       [1., 0., 0., ..., 0., 0., 0.]]), action=array([[17],
       [15],
       [17],
       [23],
       [18],
       [23],
       [15],
       [15],
       [ 2],
       [23],
       [19],
       [20],
       [18],
       [20],
       [ 2],
       [21]]), reward=array([[-1],
       [-1],
       [-1],
       [-1],
       [-1],
       [-1],
       [-1],
       [-1],
       [80],
       [-1],
       [-1],
       [-1],
       [-1],
       [-1],
       [80],
       [-1]]), next_state=array([[0., 1., 0., ..., 0., 0., 0.],
       [0., 0., 0., ..., 0., 0., 0.],
       [0., 1., 0., ..., 0., 0., 0.],
       ...,
       [0., 1., 0., ..., 0., 0., 0.],
       [0., 0., 0., ..., 0., 0., 0.],
       [0., 1., 0., ..., 0., 0., 0.]]), term=array([[False],
       [False],
       [False],
       [False],
       [False],
       [False],
       [False],
       [False],
       [ True],
       [False],
       [False],
       [False],
       [False],
       [False],
       [ True],
       [False]]))